3.100000000000000000e+02 4.619927196358730725e-08
5.070000000000000000e+02 4.659161945141931938e-08
2.760000000000000000e+02 4.941639630828831287e-08
3.830000000000000000e+02 5.254398516285618825e-08
2.040000000000000000e+02 5.293117055771290325e-08
1.690000000000000000e+02 5.455537532839116466e-08
2.520000000000000000e+02 5.766441901755570143e-08
2.720000000000000000e+02 5.895556043356009468e-08
6.100000000000000000e+02 6.118315809544583317e-08
4.430000000000000000e+02 6.316270173556404188e-08
2.140000000000000000e+02 6.350942527433289797e-08
7.430000000000000000e+02 6.467581670221989043e-08
5.400000000000000000e+02 6.874146407653825008e-08
4.350000000000000000e+02 7.511901145562660531e-08
7.350000000000000000e+02 8.250773220197515911e-08
2.340000000000000000e+02 9.010407353571281419e-08
4.400000000000000000e+01 9.370101849981438136e-08
5.640000000000000000e+02 1.063945305190827639e-07
3.030000000000000000e+02 1.089885870442230953e-07
6.370000000000000000e+02 1.093831087928265333e-07
2.000000000000000000e+00 1.158458644567872398e-07
2.330000000000000000e+02 1.168647969507219386e-07
5.600000000000000000e+02 1.314575541755402810e-07
5.690000000000000000e+02 1.383938581511756638e-07
3.100000000000000000e+01 1.546175383282388793e-07
3.530000000000000000e+02 1.597326786395569798e-07
6.220000000000000000e+02 1.625558780915525858e-07
2.900000000000000000e+01 1.808651433066188474e-07
5.660000000000000000e+02 1.944205081372274435e-07
5.820000000000000000e+02 1.974215706468385179e-07
6.650000000000000000e+02 1.980635033760336228e-07
7.120000000000000000e+02 2.009676336456323043e-07
4.260000000000000000e+02 2.125496934013426653e-07
4.480000000000000000e+02 2.264137890506390249e-07
6.400000000000000000e+01 2.357485726633967715e-07
7.280000000000000000e+02 2.613321328226447804e-07
9.600000000000000000e+01 2.685978017780144000e-07
3.400000000000000000e+02 2.693158478450641269e-07
7.410000000000000000e+02 2.809252634961012518e-07
1.020000000000000000e+02 2.850309215318702627e-07
5.120000000000000000e+02 3.019164012130204355e-07
2.600000000000000000e+01 3.065933924517594278e-07
7.820000000000000000e+02 3.116714992756897118e-07
2.200000000000000000e+01 3.285614695869298885e-07
2.270000000000000000e+02 3.336517977459152462e-07
7.380000000000000000e+02 3.342613013046502601e-07
6.670000000000000000e+02 3.693448888952843845e-07
4.700000000000000000e+02 3.730874311713705538e-07
7.600000000000000000e+02 3.847519849387026625e-07
2.610000000000000000e+02 3.922951066215318860e-07
3.990000000000000000e+02 3.937547035093302839e-07
4.560000000000000000e+02 3.951651308398140827e-07
6.440000000000000000e+02 4.011228327271965099e-07
3.900000000000000000e+02 4.227872523188125342e-07
2.960000000000000000e+02 4.420634240887011401e-07
9.000000000000000000e+00 4.569522786823654315e-07
6.050000000000000000e+02 4.675969194067874923e-07
1.900000000000000000e+02 4.886334181719576009e-07
5.540000000000000000e+02 4.936674145028518979e-07
1.230000000000000000e+02 5.104870979266706854e-07
4.600000000000000000e+02 5.250047934168833308e-07
2.360000000000000000e+02 5.511932386070839129e-07
2.240000000000000000e+02 5.817274768560309894e-07
6.930000000000000000e+02 5.902433031224063598e-07
6.570000000000000000e+02 5.987566282783518545e-07
7.790000000000000000e+02 6.288605050031037536e-07
2.210000000000000000e+02 6.454438334912993014e-07
7.800000000000000000e+02 6.634450073761399835e-07
1.040000000000000000e+02 6.637256433350557927e-07
3.880000000000000000e+02 6.731057169417908881e-07
1.200000000000000000e+02 6.818501674388244282e-07
4.990000000000000000e+02 6.880065370751253795e-07
1.370000000000000000e+02 7.010646072558301967e-07
2.380000000000000000e+02 7.047723329378641210e-07
4.830000000000000000e+02 7.562463224530802108e-07
4.320000000000000000e+02 7.843407843211025465e-07
7.020000000000000000e+02 8.978934147307882085e-07
