7.840000000000000000e+02 7.840000000000000000e+02 6.400000000000000000e+01 1.027695951052010059e-03 1.000000000000000000e+00 8.419007062911987305e-03 9.970845481049562808e-01 1.000000000000000000e+00 9.183673469387755306e-01
4.420000000000000000e+02 4.200000000000000000e+02 6.400000000000000000e+01 3.074771957471966743e-04 1.000000000000000000e+00 8.914480917155742645e-03 9.962515618492294722e-01 9.502262443438913575e-01 8.552036199095022218e-01
2.600000000000000000e+02 2.260000000000000000e+02 6.400000000000000000e+01 1.497031771577894688e-04 1.000000000000000000e+00 6.837033666670322418e-03 9.966680549770928765e-01 8.692307692307692513e-01 7.538461538461538325e-01
1.720000000000000000e+02 1.140000000000000000e+02 6.400000000000000000e+01 8.402171079069375992e-05 1.000000000000000000e+00 5.699207074940204620e-03 9.970845481049562808e-01 6.627906976744185608e-01 6.279069767441860517e-01
1.360000000000000000e+02 5.300000000000000000e+01 6.400000000000000000e+01 7.055178139125928283e-05 1.000000000000000000e+00 5.516680423170328140e-03 9.975010412328196852e-01 3.897058823529412352e-01 5.294117647058823595e-01
1.160000000000000000e+02 3.300000000000000000e+01 6.400000000000000000e+01 5.945908196736127138e-05 1.000000000000000000e+00 3.385328454896807671e-03 9.979175343606830895e-01 2.844827586206896686e-01 4.482758620689655249e-01
1.040000000000000000e+02 2.300000000000000000e+01 6.400000000000000000e+01 4.720020297099836171e-05 1.000000000000000000e+00 4.704139661043882370e-03 9.983340274885464938e-01 2.211538461538461453e-01 3.846153846153846367e-01
9.400000000000000000e+01 2.000000000000000000e+01 6.400000000000000000e+01 5.841711390530690551e-05 1.000000000000000000e+00 4.493474494665861130e-03 9.983340274885464938e-01 2.127659574468084847e-01 3.191489361702127825e-01
8.900000000000000000e+01 1.400000000000000000e+01 6.400000000000000000e+01 6.413504888769239187e-05 1.000000000000000000e+00 4.711587447673082352e-03 9.987505206164097871e-01 1.573033707865168496e-01 2.808988764044944020e-01
8.600000000000000000e+01 1.100000000000000000e+01 6.400000000000000000e+01 9.460733417654410005e-05 1.000000000000000000e+00 5.521423183381557465e-03 9.979175343606830895e-01 1.279069767441860517e-01 2.558139534883721034e-01
8.400000000000000000e+01 1.000000000000000000e+01 6.400000000000000000e+01 1.116400962928310037e-04 1.000000000000000000e+00 4.992107395082712173e-03 9.983340274885464938e-01 1.190476190476190410e-01 2.380952380952380820e-01
8.300000000000000000e+01 9.000000000000000000e+00 6.400000000000000000e+01 9.739000961417332292e-05 1.000000000000000000e+00 4.954310134053230286e-03 9.983340274885464938e-01 1.084337349397590383e-01 2.289156626506023973e-01
8.200000000000000000e+01 9.000000000000000000e+00 6.400000000000000000e+01 4.211873601889237761e-05 1.000000000000000000e+00 5.360645242035388947e-03 9.987505206164097871e-01 1.097560975609756101e-01 2.195121951219512202e-01
8.100000000000000000e+01 9.000000000000000000e+00 6.400000000000000000e+01 3.078198278672061861e-05 1.000000000000000000e+00 5.174249410629272461e-03 9.987505206164097871e-01 1.111111111111110911e-01 2.098765432098765316e-01
8.000000000000000000e+01 9.000000000000000000e+00 6.400000000000000000e+01 2.362378290854394436e-05 1.000000000000000000e+00 5.007223691791296005e-03 9.987505206164097871e-01 1.125000000000000028e-01 2.000000000000000111e-01
7.900000000000000000e+01 9.000000000000000000e+00 6.400000000000000000e+01 1.876401984191033989e-05 1.000000000000000000e+00 5.000139120966196060e-03 9.983340274885464938e-01 1.139240506329113889e-01 1.898734177215190000e-01
7.800000000000000000e+01 8.000000000000000000e+00 6.400000000000000000e+01 2.403290272923186421e-05 1.000000000000000000e+00 4.721559118479490280e-03 9.983340274885464938e-01 1.025641025641025605e-01 1.794871794871794879e-01
7.700000000000000000e+01 8.000000000000000000e+00 6.300000000000000000e+01 1.694806996965780854e-05 1.000000000000000000e+00 4.585515707731246948e-03 9.983340274885464938e-01 1.038961038961038891e-01 1.818181818181818232e-01
7.700000000000000000e+01 7.000000000000000000e+00 6.300000000000000000e+01 1.677479849604424089e-05 1.000000000000000000e+00 4.156832583248615265e-03 9.991670137442731914e-01 9.090909090909092549e-02 1.818181818181818232e-01
